image: /home/tta/ep_algorithm/src/ep_slam/map/map01.pgm
resolution: 0.020000
origin: [-5.000000, -15.240000, 0.000000]
negate: 0
occupied_thresh: 0.65
free_thresh: 0.196

